0 0 0 0 0 0 0 0 0 0 0 
0 1 1 1 1 0 3 1 1 1 0 
0 0 0 0 0 0 0 0 0 0 0 
0 1 1 1 0 0 1 1 0 1 1 
0 0 0 0 0 0 0 0 0 0 0 
0 1 1 0 1 0 1 0 1 0 1 
0 0 0 0 3 0 0 0 0 0 0 
0 0 0 0 0 0 0 0 0 0 0 
0 0 0 0 0 0 0 0 0 0 0 
0 0 0 0 0 0 0 0 0 0 0 
0 0 0 0 0 0 0 0 0 0 0 
0 0 0 0 0 0 0 0 0 0 0 
0 0 3 0 0 0 0 0 0 0 0 
0 0 4 4 0 1 1 1 0 1 1 
0 0 3 0 0 0 0 0 0 0 0 
0 0 1 0 0 1 0 0 1 0 0 
0 0 0 0 0 0 0 0 0 0 0 
0 0 1 0 0 0 0 0 0 0 0 
0 0 1 0 0 1 0 1 0 1 0 
0 0 1 0 0 1 0 0 0 1 0 
0 0 0 0 0 1 0 0 0 0 0 
0 0 0 0 0 1 0 0 0 0 0 
1
1
4
d
4
1
7
3
d
3
3
1
3
d
3
3
6
2
d
2
3
9
2
d
2
5
1
2
d
2
5
4
1
d
1
5
6
1
d
1
5
8
1
d
1
5
10
1
d
1
7
5
4
l
4
6
2
3
l
3
2
5
3
d
3
2
2
2
d
0
7
9
2
l
2
2
9
2
d
2
4
8
1
d
1
4
2
1
l
1
7
7
1
d
1
4
5
1
d
1