0 0 0 0 0 0 0 0 0 0 0 
0 0 0 0 0 0 0 0 0 1 0 
0 0 1 3 0 1 0 3 3 1 3 
0 0 0 0 0 1 0 3 0 0 0 
0 0 0 1 0 0 0 1 1 1 1 
0 0 0 1 0 0 0 0 0 0 0 
0 0 0 1 0 1 0 1 1 0 0 
0 0 0 0 0 1 0 0 0 0 0 
0 1 0 3 3 1 0 0 0 0 0 
0 0 0 1 3 0 0 1 0 0 0 
0 0 0 0 0 0 0 0 0 3 0 
0 0 0 0 0 0 0 0 0 0 0 
0 0 1 0 0 0 0 0 1 1 0 
0 0 0 0 1 1 1 0 0 0 0 
0 0 0 0 0 0 0 0 0 1 0 
0 0 0 0 4 4 4 4 0 0 0 
0 0 0 0 0 3 0 0 0 0 0 
0 0 0 3 0 3 0 0 0 1 1 
0 0 4 4 4 0 0 3 3 3 0 
0 0 0 3 0 0 0 0 0 0 0 
0 0 0 1 0 4 3 0 3 4 4 
0 0 0 0 0 0 0 0 0 0 0 
4
7
4
d
4
4
3
3
l
3
6
5
3
l
3
1
9
2
l
2
2
5
2
l
2
6
7
2
d
2
9
7
1
d
1
9
3
1
d
1
8
1
1
d
1
2
2
1
d
1
4
4
4
d
0
2
4
3
d
3
7
2
3
d
0
1
8
2
d
2
9
9
2
d
0
6
9
2
d
2
1
2
1
l
1
3
9
1
l
1
9
3
1
l
1
9
5
1
l
0